Browser: ,participant,date,expName,psychopyVersion,OS,frameRate,initializing.started,initializing.stopped,chooseLanguage.started,chooseLanguage.stopped,languageClickedButton.started,languageClickedButton.stopped,chooseTheLanguage.thisRepN,chooseTheLanguage.thisTrialN,chooseTheLanguage.thisN,chooseTheLanguage.thisIndex,chooseTheLanguage.ran,textAssignment.started,textAssignment.stopped,global_vars.started,global_vars.stopped,device,mobileLandscape.started,mobileLandscape.stopped,mouse_landscape.x,mouse_landscape.y,mouse_landscape.leftButton,mouse_landscape.midButton,mouse_landscape.rightButton,mouse_landscape.time,mouse_landscape.clicked_name,load_instructions.started,load_instructions.stopped,instructionReadLoop.thisRepN,instructionReadLoop.thisTrialN,instructionReadLoop.thisN,instructionReadLoop.thisIndex,instructionReadLoop.ran,emaInstr_ger,emaInstr_eng,choiceInstr1_ger,choiceInstr1b_ger,choiceInstr1_eng,choiceInstr1b_eng,choiceInstr2_ger,choiceInstr2_eng,generalLoaderLoop.started,generalLoaderLoop.stopped,generalLoader.started,generalLoader.stopped,syringeLoaderLoop.started,syringeLoaderLoop.stopped,syringeLoader.started,syringeLoader.stopped,beginningScreen.started,beginningScreen.stopped,SetupTheScene.started,SetupTheScene.stopped,trialSetup.started,trialSetup.stopped,syringeChoice.x,syringeChoice.y,syringeChoice.leftButton,syringeChoice.midButton,syringeChoice.rightButton,syringeChoice.time,syringeChoice.clicked_name,keyChoice.keys,trialFeedback.started,trialFeedback.stopped,trialOutput.started,trialOutput.stopped,LeftProbability,RightProbability,LeftCured,RightCured,Level,Round,Score,correct Choice,correctly done,Left Color,Right Color,LabTrials.thisRepN,LabTrials.thisTrialN,LabTrials.thisN,LabTrials.thisIndex,LabTrials.ran,nTrials,endingScreen.started,endingScreen.stopped,deleteTheScene.started,deleteTheScene.stopped,savingData.started,savingData.stopped
Safari,Alkan,2026-09-30_12h02.29.456,Influenca_demo,2025.2.4,iPhone,52.63157895,,,,,,,,,,,,,,,,,,,,,,,,,,,,,,,,,,,,,,,,,,,,,,,,,,,,,,,,,,,,,,,,,,,,,,,,,,,,,,,,,,,,,,,,,
,Alkan,2026-09-30_12h02.29.456,Influenca_demo,2025.2.4,iPhone,52.63157895,0.001,0.001,,,,,,,,,,,,,,,,,,,,,,,,,,,,,,,,,,,,,,,,,,,,,,,,,,,,,,,,,,,,,,,,,,,,,,,,,,,,,,,,,,,,,,,
,Alkan,2026-09-30_12h02.29.456,Influenca_demo,2025.2.4,iPhone,52.63157895,,,0.002,1.162,1.163,1.275,0,0,0,0,1,,,,,,,,,,,,,,,,,,,,,,,,,,,,,,,,,,,,,,,,,,,,,,,,,,,,,,,,,,,,,,,,,,,,,,,,,,,,,,
,Alkan,2026-09-30_12h02.29.456,Influenca_demo,2025.2.4,iPhone,52.63157895,,,,,,,,,,,,1.275,1.276,,,,,,,,,,,,,,,,,,,,,,,,,,,,,,,,,,,,,,,,,,,,,,,,,,,,,,,,,,,,,,,,,,,,,,,,,,,,
,Alkan,2026-09-30_12h02.29.456,Influenca_demo,2025.2.4,iPhone,52.63157895,,,,,,,,,,,,,,1.276,1.276,,,,,,,,,,,,,,,,,,,,,,,,,,,,,,,,,,,,,,,,,,,,,,,,,,,,,,,,,,,,,,,,,,,,,,,,,,
,Alkan,2026-09-30_12h02.29.456,Influenca_demo,2025.2.4,iPhone,52.63157895,,,,,,,,,,,,,,,,Smartphone,,,,,,,,,,,,,,,,,,,,,,,,,,,,,,,,,,,,,,,,,,,,,,,,,,,,,,,,,,,,,,,,,,,,,,,,,
,Alkan,2026-09-30_12h02.29.456,Influenca_demo,2025.2.4,iPhone,52.63157895,,,,,,,,,,,,,,,,Smartphone,4.311,5.078,[0.07514450867052024],[-0.30346820809248554],[1],[0],[0],[0.7620000000000005],"[""polygon_landscape""]",,,,,,,,,,,,,,,,,,,,,,,,,,,,,,,,,,,,,,,,,,,,,,,,,,,,,,,,,,,,,,,,
,Alkan,2026-09-30_12h02.29.456,Influenca_demo,2025.2.4,iPhone,52.63157895,,,,,,,,,,,,,,,,Smartphone,,,,,,,,,,5.1,5.1,0,0,0,0,1,Im Folgenden werden Ihnen Fragen zu Ihrem aktuellen Befinden gestellt. Bitte beantworten Sie diese Fragen gewissenhaft und ehrlich.,"In the following, you will be asked questions about your current condition. Please answer these questions conscientiously and honestly.","In der folgenden Aufgabe sollen Sie sich jeweils zwischen zwei Essensoptionen entscheiden. Dazu sehen Sie jeweils zwei Bilder mit unterschiedlichem Essen. Danach bitten wir Sie anzugeben, welches Essen Sie lieber erhalten möchten.\n Um das linke Essen zu wählen, klicken Sie auf das linke Bild. \n Um das rechte Essen zu wählen, klicken Sie auf das rechte Bild.","In der folgenden Aufgabe sollen Sie sich jeweils zwischen zwei Essensoptionen entscheiden. Dazu sehen Sie jeweils zwei Bilder mit unterschiedlichem Essen. Danach bitten wir Sie anzugeben, welches Essen Sie lieber erhalten möchten.\n Um das linke Essen zu wählen, drücken Sie die Taste 'x'. \n Um das rechte Essen zu wählen, drücken Sie die Taste 'm'.","In the following task, you have to decide between two food options. You will see two pictures with two different food options. Then we ask you to indicate which food you would prefer to receive.\n To choose the left-hand food, click on the left-hand picture. \n To choose the right-hand food, click on the image on the right.","In the following task, you have to decide between two food options. You will see two pictures with two different food options. Then we ask you to indicate which food you would prefer to receive.\n To choose the left-hand food, press the 'x' button. \n To choose the right-hand food, press the 'm' button.","Bitte entscheiden Sie spontan, welches Essen Sie lieber erhalten wollen, ohne lange nachzudenken.\n\n Sie haben ungefähr 4 Sekunden Zeit, um sich zu entscheiden. Eine Sekunde vor dem Ende der 4 Sekunden, sehen Sie ein rotes Ausrufezeichen, um Sie auf den baldigen Ablauf der Entscheidungszeit hinzuweisen.","Please decide spontaneously which food you would prefer to receive without thinking too long.\n\n You have about 4 seconds to decide. One second before the end of the 4 seconds, you will see a red exclamation mark to alert you that the decision time is about to expire.",,,,,,,,,,,,,,,,,,,,,,,,,,,,,,,,,,,,,,,,,,,,,,,,,
,Alkan,2026-09-30_12h02.29.456,Influenca_demo,2025.2.4,iPhone,52.63157895,,,,,,,,,,,,,,,,Smartphone,,,,,,,,,,,,,,,,,,,,,,,,,5.109,5.109,5.109,5.109,5.113,5.113,5.114,5.114,5.115,6.109,6.111,6.113,6.125,14.611,[0.4479768786127168],[-0.20712909441233146],[1],[0],[0],[8.479],"[""rightSyringe"",""rightSyringe""]",,14.613,14.618,14.619,14.912,0.2,0.8,7,93,2,1,1111,right,1,gold,purple,0,0,0,0,1,1,,,,,,
,Alkan,2026-09-30_12h02.29.456,Influenca_demo,2025.2.4,iPhone,52.63157895,,,,,,,,,,,,,,,,Smartphone,,,,,,,,,,,,,,,,,,,,,,,,,,,,,,,,,,,,,14.922,16.546,[0.42389210019267815],[-0.1791907514450867],[1],[0],[0],[1.6209999999999987],"[""rightSyringe"",""rightSyringe""]",,16.547,16.55,16.552,16.845,0.17,0.83,17,83,2,2,1194,right,1,gold,purple,0,1,1,1,1,2,,,,,,
,Alkan,2026-09-30_12h02.29.456,Influenca_demo,2025.2.4,iPhone,52.63157895,,,,,,,,,,,,,,,,Smartphone,,,,,,,,,,,,,,,,,,,,,,,,,,,,,,,,,,,,,16.848,17.262,[0.4421965317919075],[-0.21676300578034682],[1],[0],[0],[0.4129999999999967],"[""rightSyringe"",""rightSyringe""]",,17.264,17.267,17.268,17.562,0.23,0.77,4,96,2,3,1098,left,0,gold,purple,0,2,2,2,1,3,,,,,,
,Alkan,2026-09-30_12h02.29.456,Influenca_demo,2025.2.4,iPhone,52.63157895,,,,,,,,,,,,,,,,Smartphone,,,,,,,,,,,,,,,,,,,,,,,,,,,,,,,,,,,,,17.565,18.129,[-0.40173410404624277],[-0.20327552986512518],[1],[0],[0],[0.5620000000000047],"[""leftSyringe"",""leftSyringe""]",,18.131,18.134,18.135,18.428,0.13,0.87,33,67,2,4,1065,right,0,gold,purple,0,3,3,3,1,4,,,,,,
,Alkan,2026-09-30_12h02.29.456,Influenca_demo,2025.2.4,iPhone,52.63157895,,,,,,,,,,,,,,,,Smartphone,,,,,,,,,,,,,,,,,,,,,,,,,,,,,,,,,,,,,18.431,18.596,[0.5],[-0.21194605009633907],[1],[0],[0],[0.1630000000000038],"[""rightSyringe"",""rightSyringe""]",,18.598,18.601,18.602,18.895,0.28,0.72,60,40,2,5,1105,right,1,gold,purple,0,4,4,4,1,5,,,,,,
,Alkan,2026-09-30_12h02.29.456,Influenca_demo,2025.2.4,iPhone,52.63157895,,,,,,,,,,,,,,,,Smartphone,,,,,,,,,,,,,,,,,,,,,,,,,,,,,,,,,,,,,18.898,19.294,[0.4431599229287088],[-0.21001926782273608],[1],[0],[0],[0.3950000000000031],"[""rightSyringe"",""rightSyringe""]",,19.295,19.297,19.299,19.595,0.26,0.74,4,96,2,6,1201,right,1,gold,purple,0,5,5,5,1,6,,,,,,
,Alkan,2026-09-30_12h02.29.456,Influenca_demo,2025.2.4,iPhone,52.63157895,,,,,,,,,,,,,,,,Smartphone,,,,,,,,,,,,,,,,,,,,,,,,,,,,,,,,,,,,,19.598,19.931,[0.4431599229287088],[-0.22350674373795756],[1],[0],[0],[0.33200000000000074],"[""rightSyringe"",""rightSyringe""]",,19.932,19.936,19.937,20.229,0.27,0.73,45,55,2,7,1146,left,0,gold,purple,0,6,6,6,1,7,,,,,,
,Alkan,2026-09-30_12h02.29.456,Influenca_demo,2025.2.4,iPhone,52.63157895,,,,,,,,,,,,,,,,Smartphone,,,,,,,,,,,,,,,,,,,,,,,,,,,,,,,,,,,,,20.232,20.697,[-0.4585741811175338],[-0.23025048169556844],[1],[0],[0],[0.4620000000000033],"[""leftSyringe"",""leftSyringe""]",,20.698,20.702,20.703,20.995,0.32,0.68,79,21,2,8,1067,right,0,gold,purple,0,7,7,7,1,8,,,,,,
,Alkan,2026-09-30_12h02.29.456,Influenca_demo,2025.2.4,iPhone,52.63157895,,,,,,,,,,,,,,,,Smartphone,,,,,,,,,,,,,,,,,,,,,,,,,,,,,,,,,,,,,20.999,21.264,[0.4701348747591521],[-0.2630057803468208],[1],[0],[0],[0.26200000000000045],"[""rightSyringe"",""rightSyringe""]",,21.265,21.268,21.269,21.562,0.2,0.8,82,18,2,9,1085,right,1,gold,purple,0,8,8,8,1,9,,,,,,
,Alkan,2026-09-30_12h02.29.456,Influenca_demo,2025.2.4,iPhone,52.63157895,,,,,,,,,,,,,,,,Smartphone,,,,,,,,,,,,,,,,,,,,,,,,,,,,,,,,,,,,,21.565,21.83,[0.4720616570327551],[-0.23892100192678234],[1],[0],[0],[0.26400000000001],"[""rightSyringe"",""rightSyringe""]",,21.832,21.834,21.835,22.129,0.17,0.83,21,79,2,10,1164,right,1,gold,purple,0,9,9,9,1,10,,,,,,
,Alkan,2026-09-30_12h02.29.456,Influenca_demo,2025.2.4,iPhone,52.63157895,,,,,,,,,,,,,,,,Smartphone,,,,,,,,,,,,,,,,,,,,,,,,,,,,,,,,,,,,,22.132,22.313,[0.4682080924855491],[-0.2292870905587668],[1],[0],[0],[0.17900000000000205],"[""rightSyringe"",""rightSyringe""]",,22.315,22.317,22.318,22.612,0.01,0.99,27,73,2,11,1237,right,1,gold,purple,0,10,10,10,1,11,,,,,,
,Alkan,2026-09-30_12h02.29.456,Influenca_demo,2025.2.4,iPhone,52.63157895,,,,,,,,,,,,,,,,Smartphone,,,,,,,,,,,,,,,,,,,,,,,,,,,,,,,,,,,,,22.615,22.864,[0.4595375722543353],[-0.2408477842003853],[1],[0],[0],[0.24800000000000466],"[""rightSyringe"",""rightSyringe""]",,22.866,22.867,22.868,23.162,0.08,0.92,45,55,2,12,1292,right,1,gold,purple,0,11,11,11,1,12,,,,,,
,Alkan,2026-09-30_12h02.29.456,Influenca_demo,2025.2.4,iPhone,52.63157895,,,,,,,,,,,,,,,,Smartphone,,,,,,,,,,,,,,,,,,,,,,,,,,,,,,,,,,,,,23.165,23.331,[0.46917148362235045],[-0.21676300578034682],[1],[0],[0],[0.16499999999999915],"[""rightSyringe"",""rightSyringe""]",,23.332,23.334,23.335,23.629,0.2,0.8,69,31,2,13,1323,right,1,gold,purple,0,12,12,12,1,13,,,,,,
,Alkan,2026-09-30_12h02.29.456,Influenca_demo,2025.2.4,iPhone,52.63157895,,,,,,,,,,,,,,,,Smartphone,,,,,,,,,,,,,,,,,,,,,,,,,,,,,,,,,,,,,23.632,23.814,[0.46917148362235045],[-0.2148362235067437],[1],[0],[0],[0.18199999999999505],"[""rightSyringe"",""rightSyringe""]",,23.815,23.818,23.819,24.112,0.05,0.95,32,68,2,14,1391,right,1,gold,purple,0,13,13,13,1,14,,,,,,
,Alkan,2026-09-30_12h02.29.456,Influenca_demo,2025.2.4,iPhone,52.63157895,,,,,,,,,,,,,,,,Smartphone,,,,,,,,,,,,,,,,,,,,,,,,,,,,,,,,,,,,,24.115,24.264,[0.47784200385356435],[-0.20905587668593442],[1],[0],[0],[0.14800000000000324],"[""rightSyringe"",""rightSyringe""]",,24.266,24.268,24.269,24.562,0.04,0.96,50,50,2,15,1441,right,1,gold,purple,0,14,14,14,1,15,,,,,,
,Alkan,2026-09-30_12h02.29.456,Influenca_demo,2025.2.4,iPhone,52.63157895,,,,,,,,,,,,,,,,Smartphone,,,,,,,,,,,,,,,,,,,,,,,,,,,,,,,,,,,,,24.565,24.664,[0.48073217726396894],[-0.1936416184971098],[1],[0],[0],[0.09799999999999898],"[""rightSyringe"",""rightSyringe""]",,24.666,24.668,24.668,24.962,0.05,0.95,90,10,2,16,1451,right,1,gold,purple,0,15,15,15,1,16,,,,,,
,Alkan,2026-09-30_12h02.29.456,Influenca_demo,2025.2.4,iPhone,52.63157895,,,,,,,,,,,,,,,,Smartphone,,,,,,,,,,,,,,,,,,,,,,,,,,,,,,,,,,,,,24.967,25.947,[0.42678227360308274],[-0.22832369942196531],[1],[0],[0],[0.9789999999999992],"[""rightSyringe"",""rightSyringe""]",,25.949,25.952,25.953,26.246,0.02,0.98,2,98,2,17,1549,right,1,gold,purple,0,16,16,16,1,17,,,,,,
,Alkan,2026-09-30_12h02.29.456,Influenca_demo,2025.2.4,iPhone,52.63157895,,,,,,,,,,,,,,,,Smartphone,,,,,,,,,,,,,,,,,,,,,,,,,,,,,,,,,,,,,26.249,26.614,[0.4499036608863197],[-0.23603082851637772],[1],[0],[0],[0.3640000000000043],"[""rightSyringe"",""rightSyringe""]",,26.615,26.618,26.619,26.915,0.15,0.85,65,35,2,18,1584,right,1,gold,purple,0,17,17,17,1,18,,,,,,
,Alkan,2026-09-30_12h02.29.456,Influenca_demo,2025.2.4,iPhone,52.63157895,,,,,,,,,,,,,,,,Smartphone,,,,,,,,,,,,,,,,,,,,,,,,,,,,,,,,,,,,,26.918,27.165,[0.4633911368015412],[-0.23506743737957606],[1],[0],[0],[0.2459999999999951],"[""rightSyringe"",""rightSyringe""]",,27.167,27.17,27.171,27.463,0.09,0.91,29,71,2,19,1655,right,1,gold,purple,0,18,18,18,1,19,,,,,,
,Alkan,2026-09-30_12h02.29.456,Influenca_demo,2025.2.4,iPhone,52.63157895,,,,,,,,,,,,,,,,Smartphone,,,,,,,,,,,,,,,,,,,,,,,,,,,,,,,,,,,,,27.466,27.714,[0.4527938342967244],[-0.2263969171483622],[1],[0],[0],[0.2459999999999951],"[""rightSyringe"",""rightSyringe""]",,27.716,27.718,27.719,28.013,0.1,0.9,22,78,2,20,1733,right,1,gold,purple,0,19,19,19,1,20,,,,,,
,Alkan,2026-09-30_12h02.29.456,Influenca_demo,2025.2.4,iPhone,52.63157895,,,,,,,,,,,,,,,,Smartphone,,,,,,,,,,,,,,,,,,,,,,,,,,,,,,,,,,,,,28.016,28.29,[0.44605009633911347],[-0.22350674373795756],[1],[0],[0],[0.27199999999999847],"[""rightSyringe"",""rightSyringe""]",,28.291,28.292,28.293,28.596,0.24,0.76,87,13,2,21,1746,right,1,gold,purple,0,20,20,20,1,21,,,,,,
,Alkan,2026-09-30_12h02.29.456,Influenca_demo,2025.2.4,iPhone,52.63157895,,,,,,,,,,,,,,,,Smartphone,,,,,,,,,,,,,,,,,,,,,,,,,,,,,,,,,,,,,28.599,28.831,[0.43737957610789957],[-0.24566473988439305],[1],[0],[0],[0.23100000000000165],"[""rightSyringe"",""rightSyringe""]",,28.833,28.835,28.836,29.13,0.39,0.61,89,11,2,22,1757,right,1,gold,purple,0,21,21,21,1,22,,,,,,
,Alkan,2026-09-30_12h02.29.456,Influenca_demo,2025.2.4,iPhone,52.63157895,,,,,,,,,,,,,,,,Smartphone,,,,,,,,,,,,,,,,,,,,,,,,,,,,,,,,,,,,,29.133,29.31,[0.4595375722543353],[-0.2408477842003853],[1],[0],[0],[0.17500000000000426],"[""rightSyringe"",""rightSyringe""]",,29.311,29.314,29.315,29.613,0.41,0.59,63,37,2,23,1720,left,0,gold,purple,0,22,22,22,1,23,,,,,,
,Alkan,2026-09-30_12h02.29.456,Influenca_demo,2025.2.4,iPhone,52.63157895,,,,,,,,,,,,,,,,Smartphone,,,,,,,,,,,,,,,,,,,,,,,,,,,,,,,,,,,,,29.616,31.231,[-0.42196531791907516],[-0.23121387283236994],[1],[0],[0],[1.6120000000000019],"[""leftSyringe"",""leftSyringe""]",,31.232,31.237,31.238,31.53,0.35,0.65,20,80,2,24,1700,right,0,gold,purple,0,23,23,23,1,24,,,,,,
,Alkan,2026-09-30_12h02.29.456,Influenca_demo,2025.2.4,iPhone,52.63157895,,,,,,,,,,,,,,,,Smartphone,,,,,,,,,,,,,,,,,,,,,,,,,,,,,,,,,,,,,31.533,31.731,[-0.4470134874759153],[-0.2148362235067437],[1],[0],[0],[0.19500000000000028],"[""leftSyringe"",""leftSyringe""]",,31.732,31.736,31.737,32.03,0.46,0.54,57,43,2,25,1757,left,1,gold,purple,0,24,24,24,1,25,,,,,,
,Alkan,2026-09-30_12h02.29.456,Influenca_demo,2025.2.4,iPhone,52.63157895,,,,,,,,,,,,,,,,Smartphone,,,,,,,,,,,,,,,,,,,,,,,,,,,,,,,,,,,,,32.033,32.482,[0.4797687861271676],[-0.2658959537572254],[1],[0],[0],[0.44599999999999795],"[""rightSyringe"",""rightSyringe""]",,32.483,32.487,32.488,32.78,0.33,0.67,57,43,2,26,1800,right,1,gold,purple,0,25,25,25,1,26,,,,,,
,Alkan,2026-09-30_12h02.29.456,Influenca_demo,2025.2.4,iPhone,52.63157895,,,,,,,,,,,,,,,,Smartphone,,,,,,,,,,,,,,,,,,,,,,,,,,,,,,,,,,,,,32.783,32.998,[0.4585741811175336],[-0.23217726396917143],[1],[0],[0],[0.21399999999999864],"[""rightSyringe"",""rightSyringe""]",,32.999,33.001,33.002,33.297,0.59,0.41,18,82,2,27,1718,left,0,gold,purple,0,26,26,26,1,27,,,,,,
,Alkan,2026-09-30_12h02.29.456,Influenca_demo,2025.2.4,iPhone,52.63157895,,,,,,,,,,,,,,,,Smartphone,,,,,,,,,,,,,,,,,,,,,,,,,,,,,,,,,,,,,33.3,33.552,[0.4518304431599227],[-0.2552986512524084],[1],[0],[0],[0.25099999999999767],"[""rightSyringe"",""rightSyringe""]",,33.554,33.557,33.558,33.847,0.65,0.35,45,55,2,28,1773,right,1,gold,purple,0,27,27,27,1,28,,,,,,
,Alkan,2026-09-30_12h02.29.456,Influenca_demo,2025.2.4,iPhone,52.63157895,,,,,,,,,,,,,,,,Smartphone,,,,,,,,,,,,,,,,,,,,,,,,,,,,,,,,,,,,,33.85,34.066,[0.4605009633911366],[-0.24181117533718696],[1],[0],[0],[0.21399999999999864],"[""rightSyringe"",""rightSyringe""]",,34.067,34.07,34.071,34.364,0.64,0.36,3,97,2,29,1676,left,0,gold,purple,0,28,28,28,1,29,,,,,,
,Alkan,2026-09-30_12h02.29.456,Influenca_demo,2025.2.4,iPhone,52.63157895,,,,,,,,,,,,,,,,Smartphone,,,,,,,,,,,,,,,,,,,,,,,,,,,,,,,,,,,,,34.367,34.616,[0.4614643545279382],[-0.2630057803468208],[1],[0],[0],[0.2469999999999999],"[""rightSyringe"",""rightSyringe""]",,34.617,34.619,34.62,34.914,0.66,0.34,84,16,2,30,1660,left,0,gold,purple,0,29,29,29,1,30,,,,,,
,Alkan,2026-09-30_12h02.29.456,Influenca_demo,2025.2.4,iPhone,52.63157895,,,,,,,,,,,,,,,,Smartphone,,,,,,,,,,,,,,,,,,,,,,,,,,,,,,,,,,,,,34.917,35.432,[-0.3786127167630058],[-0.2244701348747592],[1],[0],[0],[0.5140000000000029],"[""leftSyringe"",""leftSyringe""]",,35.433,35.437,35.438,35.731,0.7,0.3,33,67,2,31,1627,right,0,gold,purple,0,30,30,30,1,31,,,,,,
,Alkan,2026-09-30_12h02.29.456,Influenca_demo,2025.2.4,iPhone,52.63157895,,,,,,,,,,,,,,,,Smartphone,,,,,,,,,,,,,,,,,,,,,,,,,,,,,,,,,,,,,35.734,35.933,[-0.4393063583815029],[-0.22061657032755294],[1],[0],[0],[0.19700000000000273],"[""leftSyringe"",""leftSyringe""]",,35.934,35.937,35.938,36.231,0.67,0.33,26,74,2,32,1601,right,0,gold,purple,0,31,31,31,1,32,,,,,,
,Alkan,2026-09-30_12h02.29.456,Influenca_demo,2025.2.4,iPhone,52.63157895,,,,,,,,,,,,,,,,Smartphone,,,,,,,,,,,,,,,,,,,,,,,,,,,,,,,,,,,,,36.234,36.565,[0.45761078998073196],[-0.23603082851637772],[1],[0],[0],[0.33100000000000307],"[""rightSyringe"",""rightSyringe""]",,36.567,36.57,36.571,36.864,0.64,0.36,68,32,2,33,1633,right,1,gold,purple,0,32,32,32,1,33,,,,,,
,Alkan,2026-09-30_12h02.29.456,Influenca_demo,2025.2.4,iPhone,52.63157895,,,,,,,,,,,,,,,,Smartphone,,,,,,,,,,,,,,,,,,,,,,,,,,,,,,,,,,,,,36.867,37.1,[0.45568400770712897],[-0.23025048169556844],[1],[0],[0],[0.23100000000000165],"[""rightSyringe"",""rightSyringe""]",,37.102,37.105,37.106,37.399,0.58,0.42,5,95,2,34,1728,right,1,gold,purple,0,33,33,33,1,34,,,,,,
,Alkan,2026-09-30_12h02.29.456,Influenca_demo,2025.2.4,iPhone,52.63157895,,,,,,,,,,,,,,,,Smartphone,,,,,,,,,,,,,,,,,,,,,,,,,,,,,,,,,,,,,37.402,37.599,[0.4585741811175336],[-0.23410404624277456],[1],[0],[0],[0.19700000000000273],"[""rightSyringe"",""rightSyringe""]",,37.601,37.602,37.603,37.898,0.59,0.41,83,17,2,35,1745,right,1,gold,purple,0,34,34,34,1,35,,,,,,
,Alkan,2026-09-30_12h02.29.456,Influenca_demo,2025.2.4,iPhone,52.63157895,,,,,,,,,,,,,,,,Smartphone,,,,,,,,,,,,,,,,,,,,,,,,,,,,,,,,,,,,,37.901,38.082,[0.4730250481695567],[-0.23121387283236994],[1],[0],[0],[0.17999999999999972],"[""rightSyringe"",""rightSyringe""]",,38.084,38.086,38.087,38.381,0.67,0.33,97,3,2,36,1748,right,1,gold,purple,0,35,35,35,1,36,,,,,,
,Alkan,2026-09-30_12h02.29.456,Influenca_demo,2025.2.4,iPhone,52.63157895,,,,,,,,,,,,,,,,Smartphone,,,,,,,,,,,,,,,,,,,,,,,,,,,,,,,,,,,,,38.384,38.6,[0.4595375722543353],[-0.23025048169556844],[1],[0],[0],[0.2149999999999963],"[""rightSyringe"",""rightSyringe""]",,38.602,38.605,38.606,38.898,0.74,0.26,33,67,2,37,1681,left,0,gold,purple,0,36,36,36,1,37,,,,,,
,Alkan,2026-09-30_12h02.29.456,Influenca_demo,2025.2.4,iPhone,52.63157895,,,,,,,,,,,,,,,,Smartphone,,,,,,,,,,,,,,,,,,,,,,,,,,,,,,,,,,,,,38.901,39.433,[-0.43256262042389215],[-0.19556840077071297],[1],[0],[0],[0.5309999999999988],"[""leftSyringe"",""leftSyringe""]",,39.435,39.437,39.439,39.732,0.84,0.16,20,80,2,38,1701,left,1,gold,purple,0,37,37,37,1,38,,,,,,
,Alkan,2026-09-30_12h02.29.456,Influenca_demo,2025.2.4,iPhone,52.63157895,,,,,,,,,,,,,,,,Smartphone,,,,,,,,,,,,,,,,,,,,,,,,,,,,,,,,,,,,,39.735,39.78,[0.478805394990366],[-0.21676300578034682],[1],[0],[0],[0.04299999999999926],"[""rightSyringe"",""rightSyringe""]",,39.781,39.783,39.784,40.082,0.83,0.17,16,84,2,39,1617,left,0,gold,purple,0,38,38,38,1,39,,,,,,
,Alkan,2026-09-30_12h02.29.456,Influenca_demo,2025.2.4,iPhone,52.63157895,,,,,,,,,,,,,,,,Smartphone,,,,,,,,,,,,,,,,,,,,,,,,,,,,,,,,,,,,,40.084,40.416,[0.4701348747591521],[-0.2755298651252408],[1],[0],[0],[0.3300000000000054],"[""rightSyringe"",""rightSyringe""]",,40.417,40.419,40.42,40.715,0.8,0.2,52,48,2,40,1569,left,0,gold,purple,0,39,39,39,1,40,,,,,,
,Alkan,2026-09-30_12h02.29.456,Influenca_demo,2025.2.4,iPhone,52.63157895,,,,,,,,,,,,,,,,Smartphone,,,,,,,,,,,,,,,,,,,,,,,,,,,,,,,,,,,,,40.718,40.9,[-0.49421965317919075],[-0.16281310211946046],[1],[0],[0],[0.17999999999999972],"[""leftSyringe"",""leftSyringe""]",,40.901,40.903,40.904,41.198,0.77,0.23,23,77,2,41,1546,right,0,gold,purple,0,40,40,40,1,41,,,,,,
,Alkan,2026-09-30_12h02.29.456,Influenca_demo,2025.2.4,iPhone,52.63157895,,,,,,,,,,,,,,,,Smartphone,,,,,,,,,,,,,,,,,,,,,,,,,,,,,,,,,,,,,41.201,41.3,[-0.4489402697495184],[-0.22254335260115607],[1],[0],[0],[0.09599999999999653],"[""leftSyringe"",""leftSyringe""]",,41.301,41.305,41.306,41.599,0.85,0.15,1,99,2,42,1547,left,1,gold,purple,0,41,41,41,1,42,,,,,,
,Alkan,2026-09-30_12h02.29.456,Influenca_demo,2025.2.4,iPhone,52.63157895,,,,,,,,,,,,,,,,Smartphone,,,,,,,,,,,,,,,,,,,,,,,,,,,,,,,,,,,,,41.601,41.85,[0.4884393063583815],[-0.2475915221579962],[1],[0],[0],[0.2469999999999999],"[""rightSyringe"",""rightSyringe""]",,41.852,41.854,41.855,42.149,0.77,0.23,30,70,2,43,1477,left,0,gold,purple,0,42,42,42,1,43,,,,,,
,Alkan,2026-09-30_12h02.29.456,Influenca_demo,2025.2.4,iPhone,52.63157895,,,,,,,,,,,,,,,,Smartphone,,,,,,,,,,,,,,,,,,,,,,,,,,,,,,,,,,,,,42.151,42.432,[0.48073217726396894],[-0.24855491329479767],[1],[0],[0],[0.28000000000000114],"[""rightSyringe"",""rightSyringe""]",,42.434,42.436,42.437,42.732,0.77,0.23,42,58,2,44,1419,left,0,gold,purple,0,43,43,43,1,44,,,,,,
,Alkan,2026-09-30_12h02.29.456,Influenca_demo,2025.2.4,iPhone,52.63157895,,,,,,,,,,,,,,,,Smartphone,,,,,,,,,,,,,,,,,,,,,,,,,,,,,,,,,,,,,42.735,43.367,[-0.42003853564547217],[-0.21772639691714832],[1],[0],[0],[0.6310000000000002],"[""leftSyringe"",""leftSyringe""]",,43.369,43.371,43.372,43.666,0.77,0.23,50,50,2,45,1469,left,1,gold,purple,0,44,44,44,1,45,,,,,,
,Alkan,2026-09-30_12h02.29.456,Influenca_demo,2025.2.4,iPhone,52.63157895,,,,,,,,,,,,,,,,Smartphone,,,,,,,,,,,,,,,,,,,,,,,,,,,,,,,,,,,,,43.668,44.167,[-0.41040462427745666],[-0.2543352601156069],[1],[0],[0],[0.49799999999999756],"[""leftSyringe"",""leftSyringe""]",,44.172,44.175,44.183,44.466,0.8,0.2,6,94,2,46,1475,left,1,gold,purple,0,45,45,45,1,46,,,,,,
,Alkan,2026-09-30_12h02.29.456,Influenca_demo,2025.2.4,iPhone,52.63157895,,,,,,,,,,,,,,,,Smartphone,,,,,,,,,,,,,,,,,,,,,,,,,,,,,,,,,,,,,44.47,44.734,[-0.44315992292870915],[-0.21676300578034682],[1],[0],[0],[0.2629999999999981],"[""leftSyringe"",""leftSyringe""]",,44.736,44.739,44.741,45.032,0.82,0.18,2,98,2,47,1473,right,0,gold,purple,0,46,46,46,1,47,,,,,,
,Alkan,2026-09-30_12h02.29.456,Influenca_demo,2025.2.4,iPhone,52.63157895,,,,,,,,,,,,,,,,Smartphone,,,,,,,,,,,,,,,,,,,,,,,,,,,,,,,,,,,,,45.035,45.584,[0.48073217726396894],[-0.23217726396917143],[1],[0],[0],[0.546999999999997],"[""rightSyringe"",""rightSyringe""]",,45.585,45.588,45.59,45.883,0.91,0.09,40,60,2,48,1413,left,0,gold,purple,0,47,47,47,1,48,,,,,,
,Alkan,2026-09-30_12h02.29.456,Influenca_demo,2025.2.4,iPhone,52.63157895,,,,,,,,,,,,,,,,Smartphone,,,,,,,,,,,,,,,,,,,,,,,,,,,,,,,,,,,,,45.886,46.546,[-0.45472061657032764],[-0.24277456647398843],[1],[0],[0],[0.659000000000006],"[""leftSyringe"",""leftSyringe""]",,46.547,46.549,46.55,46.849,0.76,0.24,78,22,2,49,1491,left,1,gold,purple,0,48,48,48,1,49,,,,,,
,Alkan,2026-09-30_12h02.29.456,Influenca_demo,2025.2.4,iPhone,52.63157895,,,,,,,,,,,,,,,,Smartphone,,,,,,,,,,,,,,,,,,,,,,,,,,,,,,,,,,,,,46.853,47.185,[-0.4691714836223508],[-0.2475915221579962],[1],[0],[0],[0.3299999999999983],"[""leftSyringe"",""leftSyringe""]",,47.186,47.189,47.19,47.483,0.63,0.37,68,32,2,50,1423,right,0,gold,purple,0,49,49,49,1,50,,,,,,
,Alkan,2026-09-30_12h02.29.456,Influenca_demo,2025.2.4,iPhone,52.63157895,,,,,,,,,,,,,,,,Smartphone,,,,,,,,,,,,,,,,,,,,,,,,,,,,,,,,,,,,,47.486,48.418,[0.46628131021194585],[-0.24662813102119455],[1],[0],[0],[0.9299999999999997],"[""rightSyringe"",""rightSyringe""]",,48.419,48.422,48.423,48.716,0.6,0.4,43,57,2,51,1366,left,0,gold,purple,0,50,50,50,1,51,,,,,,
,Alkan,2026-09-30_12h02.29.456,Influenca_demo,2025.2.4,iPhone,52.63157895,,,,,,,,,,,,,,,,Smartphone,,,,,,,,,,,,,,,,,,,,,,,,,,,,,,,,,,,,,48.719,48.918,[0.4518304431599227],[-0.23217726396917143],[1],[0],[0],[0.19599999999999795],"[""rightSyringe"",""rightSyringe""]",,48.919,48.922,48.924,49.217,0.62,0.38,7,93,2,52,1273,left,0,gold,purple,0,51,51,51,1,52,,,,,,
,Alkan,2026-09-30_12h02.29.456,Influenca_demo,2025.2.4,iPhone,52.63157895,,,,,,,,,,,,,,,,Smartphone,,,,,,,,,,,,,,,,,,,,,,,,,,,,,,,,,,,,,49.22,49.518,[-0.4489402697495184],[-0.23603082851637772],[1],[0],[0],[0.2960000000000065],"[""leftSyringe"",""leftSyringe""]",,49.519,49.522,49.523,49.817,0.7,0.3,76,24,2,53,1197,right,0,gold,purple,0,52,52,52,1,53,,,,,,
,Alkan,2026-09-30_12h02.29.456,Influenca_demo,2025.2.4,iPhone,52.63157895,,,,,,,,,,,,,,,,Smartphone,,,,,,,,,,,,,,,,,,,,,,,,,,,,,,,,,,,,,49.82,52.685,[0.44605009633911347],[-0.24277456647398843],[1],[0],[0],[2.8629999999999995],"[""rightSyringe"",""rightSyringe""]",,52.686,52.689,52.69,52.984,0.66,0.34,44,56,2,54,1141,left,0,gold,purple,0,53,53,53,1,54,,,,,,
,Alkan,2026-09-30_12h02.29.456,Influenca_demo,2025.2.4,iPhone,52.63157895,,,,,,,,,,,,,,,,Smartphone,,,,,,,,,,,,,,,,,,,,,,,,,,,,,,,,,,,,,52.987,53.419,[0.4296724470134874],[-0.2524084778420038],[1],[0],[0],[0.4300000000000068],"[""rightSyringe"",""rightSyringe""]",,53.42,53.422,53.423,53.717,0.64,0.36,61,39,2,55,1102,left,0,gold,purple,0,54,54,54,1,55,,,,,,
,Alkan,2026-09-30_12h02.29.456,Influenca_demo,2025.2.4,iPhone,52.63157895,,,,,,,,,,,,,,,,Smartphone,,,,,,,,,,,,,,,,,,,,,,,,,,,,,,,,,,,,,53.72,53.951,[-0.4701348747591523],[-0.17726396917148357],[1],[0],[0],[0.23000000000000398],"[""leftSyringe"",""leftSyringe""]",,53.952,53.954,53.955,54.251,0.81,0.19,64,36,2,56,1166,left,1,gold,purple,0,55,55,55,1,56,,,,,,
,Alkan,2026-09-30_12h02.29.456,Influenca_demo,2025.2.4,iPhone,52.63157895,,,,,,,,,,,,,,,,Smartphone,,,,,,,,,,,,,,,,,,,,,,,,,,,,,,,,,,,,,54.254,54.552,[-0.4470134874759153],[-0.20809248554913296],[1],[0],[0],[0.29599999999999227],"[""leftSyringe"",""leftSyringe""]",,54.553,54.556,54.557,54.851,0.77,0.23,6,94,2,57,1172,left,1,gold,purple,0,56,56,56,1,57,,,,,,
,Alkan,2026-09-30_12h02.29.456,Influenca_demo,2025.2.4,iPhone,52.63157895,,,,,,,,,,,,,,,,Smartphone,,,,,,,,,,,,,,,,,,,,,,,,,,,,,,,,,,,,,54.855,55.068,[-0.4258188824662814],[-0.23121387283236994],[1],[0],[0],[0.21099999999999852],"[""leftSyringe"",""leftSyringe""]",,55.069,55.07,55.071,55.367,0.9,0.1,53,47,2,58,1225,left,1,gold,purple,0,57,57,57,1,58,,,,,,
,Alkan,2026-09-30_12h02.29.456,Influenca_demo,2025.2.4,iPhone,52.63157895,,,,,,,,,,,,,,,,Smartphone,,,,,,,,,,,,,,,,,,,,,,,,,,,,,,,,,,,,,55.375,55.602,[-0.4383429672447014],[-0.23410404624277456],[1],[0],[0],[0.22499999999999432],"[""leftSyringe"",""leftSyringe""]",,55.603,55.605,55.606,55.901,0.85,0.15,81,19,2,59,1306,left,1,gold,purple,0,58,58,58,1,59,,,,,,
,Alkan,2026-09-30_12h02.29.456,Influenca_demo,2025.2.4,iPhone,52.63157895,,,,,,,,,,,,,,,,Smartphone,,,,,,,,,,,,,,,,,,,,,,,,,,,,,,,,,,,,,55.904,56.168,[-0.45375722543352603],[-0.2254335260115607],[1],[0],[0],[0.26300000000000523],"[""leftSyringe"",""leftSyringe""]",,56.169,56.171,56.172,56.468,0.75,0.25,78,22,2,60,1228,right,0,gold,purple,0,59,59,59,1,60,,,,,,
,Alkan,2026-09-30_12h02.29.456,Influenca_demo,2025.2.4,iPhone,52.63157895,,,,,,,,,,,,,,,,Smartphone,,,,,,,,,,,,,,,,,,,,,,,,,,,,,,,,,,,,,56.47,56.719,[-0.45183044315992305],[-0.22157996146435457],[1],[0],[0],[0.2469999999999999],"[""leftSyringe"",""leftSyringe""]",,56.721,56.724,56.725,57.018,0.71,0.29,69,31,2,61,1159,right,0,gold,purple,0,60,60,60,1,61,,,,,,
,Alkan,2026-09-30_12h02.29.456,Influenca_demo,2025.2.4,iPhone,52.63157895,,,,,,,,,,,,,,,,Smartphone,,,,,,,,,,,,,,,,,,,,,,,,,,,,,,,,,,,,,57.02,57.185,[0.4730250481695567],[-0.2061657032755298],[1],[0],[0],[0.16400000000000148],"[""rightSyringe"",""rightSyringe""]",,57.187,57.19,57.191,57.484,0.52,0.48,98,2,2,62,1157,left,0,gold,purple,0,61,61,61,1,62,,,,,,
,Alkan,2026-09-30_12h02.29.456,Influenca_demo,2025.2.4,iPhone,52.63157895,,,,,,,,,,,,,,,,Smartphone,,,,,,,,,,,,,,,,,,,,,,,,,,,,,,,,,,,,,57.487,57.636,[0.4258188824662811],[-0.23217726396917143],[1],[0],[0],[0.14700000000000557],"[""rightSyringe"",""rightSyringe""]",,57.637,57.639,57.64,57.935,0.58,0.42,18,82,2,63,1075,left,0,gold,purple,0,62,62,62,1,63,,,,,,
,Alkan,2026-09-30_12h02.29.456,Influenca_demo,2025.2.4,iPhone,52.63157895,,,,,,,,,,,,,,,,Smartphone,,,,,,,,,,,,,,,,,,,,,,,,,,,,,,,,,,,,,57.937,58.069,[-0.45664739884393063],[-0.21676300578034682],[1],[0],[0],[0.13100000000000023],"[""leftSyringe"",""leftSyringe""]",,58.07,58.074,58.074,58.368,0.66,0.34,50,50,2,64,1125,left,1,gold,purple,0,63,63,63,1,64,,,,,,
,Alkan,2026-09-30_12h02.29.456,Influenca_demo,2025.2.4,iPhone,52.63157895,,,,,,,,,,,,,,,,Smartphone,,,,,,,,,,,,,,,,,,,,,,,,,,,,,,,,,,,,,58.371,58.536,[0.432562620423892],[-0.22061657032755294],[1],[0],[0],[0.16400000000000148],"[""rightSyringe"",""rightSyringe""]",,58.538,58.54,58.541,58.835,0.7,0.3,73,27,2,65,1098,left,0,gold,purple,0,64,64,64,1,65,,,,,,
,Alkan,2026-09-30_12h02.29.456,Influenca_demo,2025.2.4,iPhone,52.63157895,,,,,,,,,,,,,,,,Smartphone,,,,,,,,,,,,,,,,,,,,,,,,,,,,,,,,,,,,,58.837,58.952,[-0.4624277456647399],[-0.22061657032755294],[1],[0],[0],[0.11399999999999011],"[""leftSyringe"",""leftSyringe""]",,58.954,58.955,58.956,59.252,0.69,0.31,28,72,2,66,1126,left,1,gold,purple,0,65,65,65,1,66,,,,,,
,Alkan,2026-09-30_12h02.29.456,Influenca_demo,2025.2.4,iPhone,52.63157895,,,,,,,,,,,,,,,,Smartphone,,,,,,,,,,,,,,,,,,,,,,,,,,,,,,,,,,,,,59.255,59.42,[-0.45183044315992305],[-0.23121387283236994],[1],[0],[0],[0.16499999999999204],"[""leftSyringe"",""leftSyringe""]",,59.421,59.424,59.425,59.719,0.84,0.16,37,63,2,67,1163,left,1,gold,purple,0,66,66,66,1,67,,,,,,
,Alkan,2026-09-30_12h02.29.456,Influenca_demo,2025.2.4,iPhone,52.63157895,,,,,,,,,,,,,,,,Smartphone,,,,,,,,,,,,,,,,,,,,,,,,,,,,,,,,,,,,,59.721,59.836,[-0.4460500963391138],[-0.23025048169556844],[1],[0],[0],[0.11399999999999011],"[""leftSyringe"",""leftSyringe""]",,59.837,59.839,59.84,60.135,0.96,0.04,8,92,2,68,1171,left,1,gold,purple,0,67,67,67,1,68,,,,,,
,Alkan,2026-09-30_12h02.29.456,Influenca_demo,2025.2.4,iPhone,52.63157895,,,,,,,,,,,,,,,,Smartphone,,,,,,,,,,,,,,,,,,,,,,,,,,,,,,,,,,,,,60.138,60.286,[-0.44315992292870915],[-0.23025048169556844],[1],[0],[0],[0.14599999999998658],"[""leftSyringe"",""leftSyringe""]",,60.287,60.288,60.289,60.585,0.98,0.02,28,72,2,69,1199,left,1,gold,purple,0,68,68,68,1,69,,,,,,
,Alkan,2026-09-30_12h02.29.456,Influenca_demo,2025.2.4,iPhone,52.63157895,,,,,,,,,,,,,,,,Smartphone,,,,,,,,,,,,,,,,,,,,,,,,,,,,,,,,,,,,,60.588,60.77,[-0.4460500963391138],[-0.23892100192678234],[1],[0],[0],[0.18099999999999739],"[""leftSyringe"",""leftSyringe""]",,60.77,60.772,60.772,61.068,0.76,0.24,56,44,2,70,1255,left,1,gold,purple,0,69,69,69,1,70,,,,,,
,Alkan,2026-09-30_12h02.29.456,Influenca_demo,2025.2.4,iPhone,52.63157895,,,,,,,,,,,,,,,,Smartphone,,,,,,,,,,,,,,,,,,,,,,,,,,,,,,,,,,,,,61.071,61.254,[-0.4489402697495184],[-0.2331406551059731],[1],[0],[0],[0.18099999999999739],"[""leftSyringe"",""leftSyringe""]",,61.255,61.257,61.258,61.552,0.59,0.41,41,59,2,71,1296,left,1,gold,purple,0,70,70,70,1,71,,,,,,
,Alkan,2026-09-30_12h02.29.456,Influenca_demo,2025.2.4,iPhone,52.63157895,,,,,,,,,,,,,,,,Smartphone,,,,,,,,,,,,,,,,,,,,,,,,,,,,,,,,,,,,,61.555,61.72,[-0.45375722543352603],[-0.22061657032755294],[1],[0],[0],[0.16499999999999204],"[""leftSyringe"",""leftSyringe""]",,61.722,61.724,61.726,62.019,0.43,0.57,96,4,2,72,1392,left,1,gold,purple,0,71,71,71,1,72,,,,,,
,Alkan,2026-09-30_12h02.29.456,Influenca_demo,2025.2.4,iPhone,52.63157895,,,,,,,,,,,,,,,,Smartphone,,,,,,,,,,,,,,,,,,,,,,,,,,,,,,,,,,,,,62.022,63.037,[-0.41714836223506757],[-0.21676300578034682],[1],[0],[0],[1.012999999999991],"[""leftSyringe"",""leftSyringe""]",,63.039,63.041,63.042,63.335,0.4,0.6,38,62,2,73,1430,left,1,gold,purple,0,72,72,72,1,73,,,,,,
,Alkan,2026-09-30_12h02.29.456,Influenca_demo,2025.2.4,iPhone,52.63157895,,,,,,,,,,,,,,,,Smartphone,,,,,,,,,,,,,,,,,,,,,,,,,,,,,,,,,,,,,63.339,63.586,[-0.418111753371869],[-0.20905587668593442],[1],[0],[0],[0.2459999999999951],"[""leftSyringe"",""leftSyringe""]",,63.588,63.591,63.592,63.886,0.31,0.69,13,87,2,74,1417,right,0,gold,purple,0,73,73,73,1,74,,,,,,
,Alkan,2026-09-30_12h02.29.456,Influenca_demo,2025.2.4,iPhone,52.63157895,,,,,,,,,,,,,,,,Smartphone,,,,,,,,,,,,,,,,,,,,,,,,,,,,,,,,,,,,,63.889,64.204,[0.4479768786127168],[-0.22254335260115607],[1],[0],[0],[0.3130000000000024],"[""rightSyringe"",""rightSyringe""]",,64.205,64.208,64.209,64.502,0.31,0.69,31,69,2,75,1486,right,1,gold,purple,0,74,74,74,1,75,,,,,,
,Alkan,2026-09-30_12h02.29.456,Influenca_demo,2025.2.4,iPhone,52.63157895,,,,,,,,,,,,,,,,Smartphone,,,,,,,,,,,,,,,,,,,,,,,,,,,,,,,,,,,,,64.505,64.721,[-0.4479768786127168],[-0.2061657032755298],[1],[0],[0],[0.21399999999999864],"[""leftSyringe"",""leftSyringe""]",,64.722,64.724,64.726,65.019,0.31,0.69,11,89,2,76,1475,right,0,gold,purple,0,75,75,75,1,76,,,,,,
,Alkan,2026-09-30_12h02.29.456,Influenca_demo,2025.2.4,iPhone,52.63157895,,,,,,,,,,,,,,,,Smartphone,,,,,,,,,,,,,,,,,,,,,,,,,,,,,,,,,,,,,65.022,65.237,[0.4142581888246626],[-0.2292870905587668],[1],[0],[0],[0.21299999999999386],"[""rightSyringe"",""rightSyringe""]",,65.238,65.24,65.241,65.536,0.55,0.45,4,96,2,77,1571,right,1,gold,purple,0,76,76,76,1,77,,,,,,
,Alkan,2026-09-30_12h02.29.456,Influenca_demo,2025.2.4,iPhone,52.63157895,,,,,,,,,,,,,,,,Smartphone,,,,,,,,,,,,,,,,,,,,,,,,,,,,,,,,,,,,,65.539,65.805,[0.42678227360308274],[-0.2408477842003853],[1],[0],[0],[0.2639999999999958],"[""rightSyringe"",""rightSyringe""]",,65.806,65.808,65.809,66.103,0.59,0.41,67,33,2,78,1604,right,1,gold,purple,0,77,77,77,1,78,,,,,,
,Alkan,2026-09-30_12h02.29.456,Influenca_demo,2025.2.4,iPhone,52.63157895,,,,,,,,,,,,,,,,Smartphone,,,,,,,,,,,,,,,,,,,,,,,,,,,,,,,,,,,,,66.105,66.353,[0.4296724470134874],[-0.2254335260115607],[1],[0],[0],[0.2469999999999999],"[""rightSyringe"",""rightSyringe""]",,66.354,66.357,66.358,66.653,0.57,0.43,68,32,2,79,1572,left,0,gold,purple,0,78,78,78,1,79,,,,,,
,Alkan,2026-09-30_12h02.29.456,Influenca_demo,2025.2.4,iPhone,52.63157895,,,,,,,,,,,,,,,,Smartphone,,,,,,,,,,,,,,,,,,,,,,,,,,,,,,,,,,,,,66.656,67.12,[0.4479768786127168],[-0.2138728323699422],[1],[0],[0],[0.46300000000000807],"[""rightSyringe"",""rightSyringe""]",,67.122,67.125,67.126,67.42,0.67,0.33,91,9,2,80,1581,right,1,gold,purple,0,79,79,79,1,80,,,,,,
,Alkan,2026-09-30_12h02.29.456,Influenca_demo,2025.2.4,iPhone,52.63157895,,,,,,,,,,,,,,,,Smartphone,,,,,,,,,,,,,,,,,,,,,,,,,,,,,,,,,,,,,67.422,67.704,[0.42389210019267815],[-0.22061657032755294],[1],[0],[0],[0.28000000000000114],"[""rightSyringe"",""rightSyringe""]",,67.705,67.708,67.709,68.003,0.76,0.24,61,39,2,81,1542,left,0,gold,purple,0,80,80,80,1,81,,,,,,
,Alkan,2026-09-30_12h02.29.456,Influenca_demo,2025.2.4,iPhone,52.63157895,,,,,,,,,,,,,,,,Smartphone,,,,,,,,,,,,,,,,,,,,,,,,,,,,,,,,,,,,,68.006,68.271,[0.43352601156069365],[-0.23892100192678234],[1],[0],[0],[0.262999999999991],"[""rightSyringe"",""rightSyringe""]",,68.272,68.274,68.275,68.57,0.61,0.39,87,13,2,82,1529,left,0,gold,purple,0,81,81,81,1,82,,,,,,
,Alkan,2026-09-30_12h02.29.456,Influenca_demo,2025.2.4,iPhone,52.63157895,,,,,,,,,,,,,,,,Smartphone,,,,,,,,,,,,,,,,,,,,,,,,,,,,,,,,,,,,,68.573,69.02,[-0.4152215799614644],[-0.2707129094412332],[1],[0],[0],[0.44599999999999795],"[""leftSyringe"",""leftSyringe""]",,69.022,69.025,69.026,69.32,0.66,0.34,28,72,2,83,1557,left,1,gold,purple,0,82,82,82,1,83,,,,,,
,Alkan,2026-09-30_12h02.29.456,Influenca_demo,2025.2.4,iPhone,52.63157895,,,,,,,,,,,,,,,,Smartphone,,,,,,,,,,,,,,,,,,,,,,,,,,,,,,,,,,,,,69.323,69.971,[-0.4624277456647399],[-0.2543352601156069],[1],[0],[0],[0.6460000000000008],"[""leftSyringe"",""leftSyringe""]",,69.972,69.974,69.975,70.27,0.79,0.21,12,88,2,84,1569,left,1,gold,purple,0,83,83,83,1,84,,,,,,
,Alkan,2026-09-30_12h02.29.456,Influenca_demo,2025.2.4,iPhone,52.63157895,,,,,,,,,,,,,,,,Smartphone,,,,,,,,,,,,,,,,,,,,,,,,,,,,,,,,,,,,,70.273,70.605,[-0.4508670520231214],[-0.23892100192678234],[1],[0],[0],[0.33100000000000307],"[""leftSyringe"",""leftSyringe""]",,70.607,70.61,70.611,70.903,0.86,0.14,17,83,2,85,1552,right,0,gold,purple,0,84,84,84,1,85,,,,,,
,Alkan,2026-09-30_12h02.29.456,Influenca_demo,2025.2.4,iPhone,52.63157895,,,,,,,,,,,,,,,,Smartphone,,,,,,,,,,,,,,,,,,,,,,,,,,,,,,,,,,,,,70.907,71.356,[0.4315992292870903],[-0.2736030828516378],[1],[0],[0],[0.44700000000000273],"[""rightSyringe"",""rightSyringe""]",,71.357,71.359,71.36,71.653,0.87,0.13,6,94,2,86,1458,left,0,gold,purple,0,85,85,85,1,86,,,,,,
,Alkan,2026-09-30_12h02.29.456,Influenca_demo,2025.2.4,iPhone,52.63157895,,,,,,,,,,,,,,,,Smartphone,,,,,,,,,,,,,,,,,,,,,,,,,,,,,,,,,,,,,71.656,71.938,[-0.4499036608863199],[-0.26878612716763006],[1],[0],[0],[0.28000000000000114],"[""leftSyringe"",""leftSyringe""]",,71.941,71.943,71.944,72.237,0.72,0.28,17,83,2,87,1441,right,0,gold,purple,0,86,86,86,1,87,,,,,,
,Alkan,2026-09-30_12h02.29.456,Influenca_demo,2025.2.4,iPhone,52.63157895,,,,,,,,,,,,,,,,Smartphone,,,,,,,,,,,,,,,,,,,,,,,,,,,,,,,,,,,,,72.24,72.488,[0.4479768786127168],[-0.21579961464354533],[1],[0],[0],[0.2469999999999999],"[""rightSyringe"",""rightSyringe""]",,72.489,72.492,72.493,72.787,0.58,0.42,95,5,2,88,1436,left,0,gold,purple,0,87,87,87,1,88,,,,,,
,Alkan,2026-09-30_12h02.29.456,Influenca_demo,2025.2.4,iPhone,52.63157895,,,,,,,,,,,,,,,,Smartphone,,,,,,,,,,,,,,,,,,,,,,,,,,,,,,,,,,,,,72.79,73.005,[0.4431599229287088],[-0.23025048169556844],[1],[0],[0],[0.21400000000001285],"[""rightSyringe"",""rightSyringe""]",,73.006,73.009,73.01,73.304,0.49,0.51,76,24,2,89,1460,right,1,gold,purple,0,88,88,88,1,89,,,,,,
,Alkan,2026-09-30_12h02.29.456,Influenca_demo,2025.2.4,iPhone,52.63157895,,,,,,,,,,,,,,,,Smartphone,,,,,,,,,,,,,,,,,,,,,,,,,,,,,,,,,,,,,73.307,73.472,[0.4412331406551059],[-0.24373795761078992],[1],[0],[0],[0.1629999999999967],"[""rightSyringe"",""rightSyringe""]",,73.473,73.476,73.477,73.771,0.5,0.5,37,63,2,90,1523,right,1,gold,purple,0,89,89,89,1,90,,,,,,
,Alkan,2026-09-30_12h02.29.456,Influenca_demo,2025.2.4,iPhone,52.63157895,,,,,,,,,,,,,,,,Smartphone,,,,,,,,,,,,,,,,,,,,,,,,,,,,,,,,,,,,,73.773,74.355,[0.43352601156069365],[-0.23892100192678234],[1],[0],[0],[0.5810000000000031],"[""rightSyringe"",""rightSyringe""]",,74.357,74.359,74.36,74.654,0.54,0.46,47,53,2,91,1576,right,1,gold,purple,0,90,90,90,1,91,,,,,,
,Alkan,2026-09-30_12h02.29.456,Influenca_demo,2025.2.4,iPhone,52.63157895,,,,,,,,,,,,,,,,Smartphone,,,,,,,,,,,,,,,,,,,,,,,,,,,,,,,,,,,,,74.657,74.872,[0.411368015414258],[-0.24277456647398843],[1],[0],[0],[0.21399999999999864],"[""rightSyringe"",""rightSyringe""]",,74.873,74.876,74.877,75.171,0.53,0.47,93,7,2,92,1569,left,0,gold,purple,0,91,91,91,1,92,,,,,,
,Alkan,2026-09-30_12h02.29.456,Influenca_demo,2025.2.4,iPhone,52.63157895,,,,,,,,,,,,,,,,Smartphone,,,,,,,,,,,,,,,,,,,,,,,,,,,,,,,,,,,,,75.173,75.506,[-0.47109826589595377],[-0.2244701348747592],[1],[0],[0],[0.3300000000000125],"[""leftSyringe"",""leftSyringe""]",,75.507,75.51,75.511,75.804,0.58,0.42,97,3,2,93,1472,right,0,gold,purple,0,92,92,92,1,93,,,,,,
,Alkan,2026-09-30_12h02.29.456,Influenca_demo,2025.2.4,iPhone,52.63157895,,,,,,,,,,,,,,,,Smartphone,,,,,,,,,,,,,,,,,,,,,,,,,,,,,,,,,,,,,75.807,76.539,[0.4441233140655105],[-0.26974951830443156],[1],[0],[0],[0.7299999999999898],"[""rightSyringe"",""rightSyringe""]",,76.54,76.545,76.547,76.838,0.56,0.44,74,26,2,94,1446,left,0,gold,purple,0,93,93,93,1,94,,,,,,
,Alkan,2026-09-30_12h02.29.456,Influenca_demo,2025.2.4,iPhone,52.63157895,,,,,,,,,,,,,,,,Smartphone,,,,,,,,,,,,,,,,,,,,,,,,,,,,,,,,,,,,,76.841,77.039,[0.4431599229287088],[-0.25048169556840083],[1],[0],[0],[0.19599999999999795],"[""rightSyringe"",""rightSyringe""]",,77.04,77.042,77.043,77.338,0.6,0.4,29,71,2,95,1375,left,0,gold,purple,0,94,94,94,1,95,,,,,,
,Alkan,2026-09-30_12h02.29.456,Influenca_demo,2025.2.4,iPhone,52.63157895,,,,,,,,,,,,,,,,Smartphone,,,,,,,,,,,,,,,,,,,,,,,,,,,,,,,,,,,,,77.341,78.171,[0.4210019267822735],[-0.2736030828516378],[1],[0],[0],[0.8290000000000077],"[""rightSyringe"",""rightSyringe""]",,78.173,78.175,78.176,78.472,0.51,0.49,38,62,2,96,1313,left,0,gold,purple,0,95,95,95,1,96,,,,,,
,Alkan,2026-09-30_12h02.29.456,Influenca_demo,2025.2.4,iPhone,52.63157895,,,,,,,,,,,,,,,,Smartphone,,,,,,,,,,,,,,,,,,,,,,,,,,,,,,,,,,,,,78.474,79.173,[-0.4585741811175338],[-0.2398843930635838],[1],[0],[0],[0.6969999999999885],"[""leftSyringe"",""leftSyringe""]",,79.174,79.176,79.177,79.472,0.62,0.38,3,97,2,97,1316,left,1,gold,purple,0,96,96,96,1,97,,,,,,
,Alkan,2026-09-30_12h02.29.456,Influenca_demo,2025.2.4,iPhone,52.63157895,,,,,,,,,,,,,,,,Smartphone,,,,,,,,,,,,,,,,,,,,,,,,,,,,,,,,,,,,,79.474,79.773,[-0.42003853564547217],[-0.2938342967244702],[1],[0],[0],[0.29699999999999704],"[""leftSyringe"",""leftSyringe""]",,79.774,79.776,79.777,80.072,0.52,0.48,47,53,2,98,1269,right,0,gold,purple,0,97,97,97,1,98,,,,,,
,Alkan,2026-09-30_12h02.29.456,Influenca_demo,2025.2.4,iPhone,52.63157895,,,,,,,,,,,,,,,,Smartphone,,,,,,,,,,,,,,,,,,,,,,,,,,,,,,,,,,,,,80.076,80.672,[0.47398843930635837],[-0.25818882466281307],[1],[0],[0],[0.5949999999999989],"[""rightSyringe"",""rightSyringe""]",,80.674,80.677,80.678,80.972,0.48,0.52,5,95,2,99,1174,left,0,gold,purple,0,98,98,98,1,99,,,,,,
,Alkan,2026-09-30_12h02.29.456,Influenca_demo,2025.2.4,iPhone,52.63157895,,,,,,,,,,,,,,,,Smartphone,,,,,,,,,,,,,,,,,,,,,,,,,,,,,,,,,,,,,80.975,81.807,[-0.45472061657032764],[-0.27649325626204246],[1],[0],[0],[0.8310000000000031],"[""leftSyringe"",""leftSyringe""]",,81.809,81.811,81.812,82.105,0.5,0.5,36,64,2,100,1210,left,1,gold,purple,0,99,99,99,1,100,,,,,,
,Alkan,2026-09-30_12h02.29.456,Influenca_demo,2025.2.4,iPhone,52.63157895,,,,,,,,,,,,,,,,Smartphone,,,,,,,,,,,,,,,,,,,,,,,,,,,,,,,,,,,,,82.108,83.69,[-0.4691714836223508],[-0.21868978805394995],[1],[0],[0],[1.581000000000003],"[""leftSyringe"",""leftSyringe""]",,83.691,83.695,83.696,83.989,0.5,0.5,6,94,2,101,1204,right,0,gold,purple,0,100,100,100,1,101,,,,,,
,Alkan,2026-09-30_12h02.29.456,Influenca_demo,2025.2.4,iPhone,52.63157895,,,,,,,,,,,,,,,,Smartphone,,,,,,,,,,,,,,,,,,,,,,,,,,,,,,,,,,,,,83.992,84.657,[0.47398843930635837],[-0.24373795761078992],[1],[0],[0],[0.6629999999999967],"[""rightSyringe"",""rightSyringe""]",,84.658,84.661,84.662,84.956,0.35,0.65,89,11,2,102,1193,left,0,gold,purple,0,101,101,101,1,102,,,,,,
,Alkan,2026-09-30_12h02.29.456,Influenca_demo,2025.2.4,iPhone,52.63157895,,,,,,,,,,,,,,,,Smartphone,,,,,,,,,,,,,,,,,,,,,,,,,,,,,,,,,,,,,84.958,85.157,[0.45375722543352603],[-0.23217726396917143],[1],[0],[0],[0.19700000000000273],"[""rightSyringe"",""rightSyringe""]",,85.159,85.161,85.162,85.456,0.51,0.49,71,29,2,103,1164,left,0,gold,purple,0,102,102,102,1,103,,,,,,
,Alkan,2026-09-30_12h02.29.456,Influenca_demo,2025.2.4,iPhone,52.63157895,,,,,,,,,,,,,,,,Smartphone,,,,,,,,,,,,,,,,,,,,,,,,,,,,,,,,,,,,,85.459,85.856,[-0.4489402697495184],[-0.21676300578034682],[1],[0],[0],[0.3960000000000008],"[""leftSyringe"",""leftSyringe""]",,85.858,85.86,85.861,86.156,0.45,0.55,27,73,2,104,1191,left,1,gold,purple,0,103,103,103,1,104,,,,,,
,Alkan,2026-09-30_12h02.29.456,Influenca_demo,2025.2.4,iPhone,52.63157895,,,,,,,,,,,,,,,,Smartphone,,,,,,,,,,,,,,,,,,,,,,,,,,,,,,,,,,,,,86.159,86.641,[-0.43256262042389215],[-0.26878612716763006],[1],[0],[0],[0.48099999999999454],"[""leftSyringe"",""leftSyringe""]",,86.642,86.645,86.646,86.94,0.47,0.53,78,22,2,105,1269,left,1,gold,purple,0,104,104,104,1,105,,,,,,
,Alkan,2026-09-30_12h02.29.456,Influenca_demo,2025.2.4,iPhone,52.63157895,,,,,,,,,,,,,,,,Smartphone,,,,,,,,,,,,,,,,,,,,,,,,,,,,,,,,,,,,,86.943,87.324,[-0.4479768786127168],[-0.2543352601156069],[1],[0],[0],[0.37999999999999545],"[""leftSyringe"",""leftSyringe""]",,87.326,87.328,87.329,87.623,0.71,0.29,23,77,2,106,1292,left,1,gold,purple,0,105,105,105,1,106,,,,,,
,Alkan,2026-09-30_12h02.29.456,Influenca_demo,2025.2.4,iPhone,52.63157895,,,,,,,,,,,,,,,,Smartphone,,,,,,,,,,,,,,,,,,,,,,,,,,,,,,,,,,,,,87.626,88.024,[-0.43641618497109824],[-0.28131021194605005],[1],[0],[0],[0.3960000000000008],"[""leftSyringe"",""leftSyringe""]",,88.025,88.027,88.028,88.323,0.81,0.19,98,2,2,107,1390,left,1,gold,purple,0,106,106,106,1,107,,,,,,
,Alkan,2026-09-30_12h02.29.456,Influenca_demo,2025.2.4,iPhone,52.63157895,,,,,,,,,,,,,,,,Smartphone,,,,,,,,,,,,,,,,,,,,,,,,,,,,,,,,,,,,,88.326,88.724,[-0.45375722543352603],[-0.2543352601156069],[1],[0],[0],[0.39700000000000557],"[""leftSyringe"",""leftSyringe""]",,88.726,88.727,88.728,89.023,0.99,0.01,88,12,2,108,1478,left,1,gold,purple,0,107,107,107,1,108,,,,,,
,Alkan,2026-09-30_12h02.29.456,Influenca_demo,2025.2.4,iPhone,52.63157895,,,,,,,,,,,,,,,,Smartphone,,,,,,,,,,,,,,,,,,,,,,,,,,,,,,,,,,,,,89.028,89.441,[-0.42389210019267826],[-0.2533718689788054],[1],[0],[0],[0.41099999999998715],"[""leftSyringe"",""leftSyringe""]",,89.442,89.445,89.446,89.74,0.81,0.19,21,79,2,109,1499,left,1,gold,purple,0,108,108,108,1,109,,,,,,
,Alkan,2026-09-30_12h02.29.456,Influenca_demo,2025.2.4,iPhone,52.63157895,,,,,,,,,,,,,,,,Smartphone,,,,,,,,,,,,,,,,,,,,,,,,,,,,,,,,,,,,,89.743,90.075,[-0.44315992292870915],[-0.2148362235067437],[1],[0],[0],[0.33099999999998886],"[""leftSyringe"",""leftSyringe""]",,90.076,90.078,90.079,90.374,0.83,0.17,81,19,2,110,1580,left,1,gold,purple,0,109,109,109,1,110,,,,,,
,Alkan,2026-09-30_12h02.29.456,Influenca_demo,2025.2.4,iPhone,52.63157895,,,,,,,,,,,,,,,,Smartphone,,,,,,,,,,,,,,,,,,,,,,,,,,,,,,,,,,,,,90.376,90.658,[-0.42003853564547217],[-0.24951830443159917],[1],[0],[0],[0.2809999999999917],"[""leftSyringe"",""leftSyringe""]",,90.659,90.662,90.663,90.957,0.89,0.11,14,86,2,111,1594,left,1,gold,purple,0,110,110,110,1,111,,,,,,
,Alkan,2026-09-30_12h02.29.456,Influenca_demo,2025.2.4,iPhone,52.63157895,,,,,,,,,,,,,,,,Smartphone,,,,,,,,,,,,,,,,,,,,,,,,,,,,,,,,,,,,,90.959,91.241,[-0.4383429672447014],[-0.24277456647398843],[1],[0],[0],[0.28000000000001535],"[""leftSyringe"",""leftSyringe""]",,91.242,91.245,91.246,91.54,0.75,0.25,96,4,2,112,1498,right,0,gold,purple,0,111,111,111,1,112,,,,,,
,Alkan,2026-09-30_12h02.29.456,Influenca_demo,2025.2.4,iPhone,52.63157895,,,,,,,,,,,,,,,,Smartphone,,,,,,,,,,,,,,,,,,,,,,,,,,,,,,,,,,,,,91.543,92.908,[0.4402697495183042],[-0.23025048169556844],[1],[0],[0],[1.3640000000000043],"[""rightSyringe"",""rightSyringe""]",,92.909,92.912,92.913,93.207,0.84,0.16,4,96,2,113,1594,right,1,gold,purple,0,112,112,112,1,113,,,,,,
,Alkan,2026-09-30_12h02.29.456,Influenca_demo,2025.2.4,iPhone,52.63157895,,,,,,,,,,,,,,,,Smartphone,,,,,,,,,,,,,,,,,,,,,,,,,,,,,,,,,,,,,93.21,93.559,[0.409441233140655],[-0.25818882466281307],[1],[0],[0],[0.347999999999999],"[""rightSyringe"",""rightSyringe""]",,93.56,93.562,93.563,93.865,0.97,0.03,43,57,2,114,1537,left,0,gold,purple,0,113,113,113,1,114,,,,,,
,Alkan,2026-09-30_12h02.29.456,Influenca_demo,2025.2.4,iPhone,52.63157895,,,,,,,,,,,,,,,,Smartphone,,,,,,,,,,,,,,,,,,,,,,,,,,,,,,,,,,,,,93.866,94.689,[-0.46339113680154154],[-0.24951830443159917],[1],[0],[0],[0.8220000000000027],"[""leftSyringe"",""leftSyringe""]",,94.69,94.692,94.694,94.991,0.99,0.01,69,31,2,115,1606,left,1,gold,purple,0,114,114,114,1,115,,,,,,
,Alkan,2026-09-30_12h02.29.456,Influenca_demo,2025.2.4,iPhone,52.63157895,,,,,,,,,,,,,,,,Smartphone,,,,,,,,,,,,,,,,,,,,,,,,,,,,,,,,,,,,,94.994,97.659,[-0.48940269749518317],[-0.20520231213872833],[1],[0],[0],[2.6640000000000015],"[""leftSyringe"",""leftSyringe""]",,97.661,97.663,97.664,97.958,0.83,0.17,26,74,2,116,1632,left,1,gold,purple,0,115,115,115,1,116,,,,,,
,Alkan,2026-09-30_12h02.29.456,Influenca_demo,2025.2.4,iPhone,52.63157895,,,,,,,,,,,,,,,,Smartphone,,,,,,,,,,,,,,,,,,,,,,,,,,,,,,,,,,,,,97.961,98.226,[-0.43256262042389215],[-0.2552986512524084],[1],[0],[0],[0.26500000000000057],"[""leftSyringe"",""leftSyringe""]",,98.227,98.229,98.23,98.525,0.94,0.06,51,49,2,117,1683,left,1,gold,purple,0,116,116,116,1,117,,,,,,
,Alkan,2026-09-30_12h02.29.456,Influenca_demo,2025.2.4,iPhone,52.63157895,,,,,,,,,,,,,,,,Smartphone,,,,,,,,,,,,,,,,,,,,,,,,,,,,,,,,,,,,,98.528,98.727,[-0.4576107899807323],[-0.20520231213872833],[1],[0],[0],[0.19699999999998852],"[""leftSyringe"",""leftSyringe""]",,98.728,98.731,98.732,99.025,0.99,0.01,59,41,2,118,1742,left,1,gold,purple,0,117,117,117,1,118,,,,,,
,Alkan,2026-09-30_12h02.29.456,Influenca_demo,2025.2.4,iPhone,52.63157895,,,,,,,,,,,,,,,,Smartphone,,,,,,,,,,,,,,,,,,,,,,,,,,,,,,,,,,,,,99.027,99.258,[-0.4113680154142583],[-0.24662813102119455],[1],[0],[0],[0.23000000000000398],"[""leftSyringe"",""leftSyringe""]",,99.26,99.261,99.262,99.558,1,0,58,42,2,119,1800,left,1,gold,purple,0,118,118,118,1,119,,,,,,
,Alkan,2026-09-30_12h02.29.456,Influenca_demo,2025.2.4,iPhone,52.63157895,,,,,,,,,,,,,,,,Smartphone,,,,,,,,,,,,,,,,,,,,,,,,,,,,,,,,,,,,,99.561,99.742,[-0.4267822736030829],[-0.2263969171483622],[1],[0],[0],[0.18000000000000682],"[""leftSyringe"",""leftSyringe""]",,99.744,99.745,99.746,100.042,0.87,0.13,94,6,2,120,1894,left,1,gold,purple,0,119,119,119,1,120,,,,,,
,Alkan,2026-09-30_12h02.29.456,Influenca_demo,2025.2.4,iPhone,52.63157895,,,,,,,,,,,,,,,,Smartphone,,,,,,,,,,,,,,,,,,,,,,,,,,,,,,,,,,,,,100.045,100.209,[-0.4229287090558768],[-0.24277456647398843],[1],[0],[0],[0.1629999999999967],"[""leftSyringe"",""leftSyringe""]",,100.21,100.212,100.212,100.508,0.74,0.26,97,3,2,121,1991,left,1,gold,purple,0,120,120,120,1,121,,,,,,
,Alkan,2026-09-30_12h02.29.456,Influenca_demo,2025.2.4,iPhone,52.63157895,,,,,,,,,,,,,,,,Smartphone,,,,,,,,,,,,,,,,,,,,,,,,,,,,,,,,,,,,,100.511,100.66,[-0.4229287090558768],[-0.24951830443159917],[1],[0],[0],[0.14800000000001035],"[""leftSyringe"",""leftSyringe""]",,100.661,100.663,100.664,100.958,0.63,0.37,93,7,2,122,1898,right,0,gold,purple,0,121,121,121,1,122,,,,,,
,Alkan,2026-09-30_12h02.29.456,Influenca_demo,2025.2.4,iPhone,52.63157895,,,,,,,,,,,,,,,,Smartphone,,,,,,,,,,,,,,,,,,,,,,,,,,,,,,,,,,,,,100.961,101.726,[0.4296724470134874],[-0.24181117533718696],[1],[0],[0],[0.7639999999999958],"[""rightSyringe"",""rightSyringe""]",,101.729,101.731,101.732,102.025,0.59,0.41,91,9,2,123,1907,right,1,gold,purple,0,122,122,122,1,123,,,,,,
,Alkan,2026-09-30_12h02.29.456,Influenca_demo,2025.2.4,iPhone,52.63157895,,,,,,,,,,,,,,,,Smartphone,,,,,,,,,,,,,,,,,,,,,,,,,,,,,,,,,,,,,102.029,102.328,[0.42870905587668573],[-0.2129094412331407],[1],[0],[0],[0.29699999999999704],"[""rightSyringe"",""rightSyringe""]",,102.329,102.331,102.332,102.631,0.73,0.27,19,81,2,124,1988,right,1,gold,purple,0,123,123,123,1,124,,,,,,
,Alkan,2026-09-30_12h02.29.456,Influenca_demo,2025.2.4,iPhone,52.63157895,,,,,,,,,,,,,,,,Smartphone,,,,,,,,,,,,,,,,,,,,,,,,,,,,,,,,,,,,,102.633,102.843,[0.43352601156069365],[-0.22157996146435457],[1],[0],[0],[0.20900000000000318],"[""rightSyringe"",""rightSyringe""]",,102.845,102.847,102.848,103.142,0.78,0.22,51,49,2,125,1939,left,0,gold,purple,0,124,124,124,1,125,,,,,,
,Alkan,2026-09-30_12h02.29.456,Influenca_demo,2025.2.4,iPhone,52.63157895,,,,,,,,,,,,,,,,Smartphone,,,,,,,,,,,,,,,,,,,,,,,,,,,,,,,,,,,,,103.145,103.744,[-0.4614643545279384],[-0.2244701348747592],[1],[0],[0],[0.5970000000000084],"[""leftSyringe"",""leftSyringe""]",,103.745,103.748,103.749,104.042,0.85,0.15,91,9,2,126,2030,left,1,gold,purple,0,125,125,125,1,126,,,,,,
,Alkan,2026-09-30_12h02.29.456,Influenca_demo,2025.2.4,iPhone,52.63157895,,,,,,,,,,,,,,,,Smartphone,,,,,,,,,,,,,,,,,,,,,,,,,,,,,,,,,,,,,104.045,104.227,[0.4614643545279382],[-0.2263969171483622],[1],[0],[0],[0.18099999999999739],"[""rightSyringe"",""rightSyringe""]",,104.229,104.231,104.232,104.526,0.58,0.42,84,16,2,127,2014,left,0,gold,purple,0,126,126,126,1,127,,,,,,
,Alkan,2026-09-30_12h02.29.456,Influenca_demo,2025.2.4,iPhone,52.63157895,,,,,,,,,,,,,,,,Smartphone,,,,,,,,,,,,,,,,,,,,,,,,,,,,,,,,,,,,,104.528,104.694,[-0.44123314065510605],[-0.2138728323699422],[1],[0],[0],[0.16499999999999204],"[""leftSyringe"",""leftSyringe""]",,104.696,104.697,104.698,104.993,0.75,0.25,63,37,2,128,2077,left,1,gold,purple,0,127,127,127,1,128,,,,,,
,Alkan,2026-09-30_12h02.29.456,Influenca_demo,2025.2.4,iPhone,52.63157895,,,,,,,,,,,,,,,,Smartphone,,,,,,,,,,,,,,,,,,,,,,,,,,,,,,,,,,,,,104.995,105.211,[-0.4267822736030829],[-0.22736030828516382],[1],[0],[0],[0.2149999999999892],"[""leftSyringe"",""leftSyringe""]",,105.212,105.215,105.217,105.509,0.92,0.08,48,52,2,129,2125,left,1,gold,purple,0,128,128,128,1,129,,,,,,
,Alkan,2026-09-30_12h02.29.456,Influenca_demo,2025.2.4,iPhone,52.63157895,,,,,,,,,,,,,,,,Smartphone,,,,,,,,,,,,,,,,,,,,,,,,,,,,,,,,,,,,,105.512,105.695,[-0.3872832369942196],[-0.26011560693641617],[1],[0],[0],[0.18200000000000216],"[""leftSyringe"",""leftSyringe""]",,105.696,105.698,105.699,105.993,0.87,0.13,2,98,2,130,2127,left,1,gold,purple,0,129,129,129,1,130,,,,,,
,Alkan,2026-09-30_12h02.29.456,Influenca_demo,2025.2.4,iPhone,52.63157895,,,,,,,,,,,,,,,,Smartphone,,,,,,,,,,,,,,,,,,,,,,,,,,,,,,,,,,,,,105.996,106.211,[-0.43256262042389215],[-0.1676300578034682],[1],[0],[0],[0.21300000000000807],"[""leftSyringe"",""leftSyringe""]",,106.212,106.214,106.215,106.509,0.84,0.16,90,10,2,131,2217,left,1,gold,purple,0,130,130,130,1,131,,,,,,
,Alkan,2026-09-30_12h02.29.456,Influenca_demo,2025.2.4,iPhone,52.63157895,,,,,,,,,,,,,,,,Smartphone,,,,,,,,,,,,,,,,,,,,,,,,,,,,,,,,,,,,,106.512,106.878,[-0.4421965317919075],[-0.17052023121387283],[1],[0],[0],[0.3640000000000043],"[""leftSyringe"",""leftSyringe""]",,106.879,106.881,106.882,107.176,0.76,0.24,7,93,2,132,2224,left,1,gold,purple,0,131,131,131,1,132,,,,,,
,Alkan,2026-09-30_12h02.29.456,Influenca_demo,2025.2.4,iPhone,52.63157895,,,,,,,,,,,,,,,,Smartphone,,,,,,,,,,,,,,,,,,,,,,,,,,,,,,,,,,,,,107.179,107.544,[-0.3901734104046243],[-0.2533718689788054],[1],[0],[0],[0.3640000000000043],"[""leftSyringe"",""leftSyringe""]",,107.545,107.547,107.547,107.843,0.78,0.22,28,72,2,133,2252,left,1,gold,purple,0,132,132,132,1,133,,,,,,
,Alkan,2026-09-30_12h02.29.456,Influenca_demo,2025.2.4,iPhone,52.63157895,,,,,,,,,,,,,,,,Smartphone,,,,,,,,,,,,,,,,,,,,,,,,,,,,,,,,,,,,,107.846,108.094,[-0.42100192678227366],[-0.20520231213872833],[1],[0],[0],[0.2459999999999951],"[""leftSyringe"",""leftSyringe""]",,108.095,108.097,108.098,108.393,0.81,0.19,7,93,2,134,2245,right,0,gold,purple,0,133,133,133,1,134,,,,,,
,Alkan,2026-09-30_12h02.29.456,Influenca_demo,2025.2.4,iPhone,52.63157895,,,,,,,,,,,,,,,,Smartphone,,,,,,,,,,,,,,,,,,,,,,,,,,,,,,,,,,,,,108.396,108.811,[0.4508670520231214],[-0.21579961464354533],[1],[0],[0],[0.4129999999999967],"[""rightSyringe"",""rightSyringe""]",,108.813,108.816,108.817,109.11,0.91,0.09,87,13,2,135,2232,left,0,gold,purple,0,134,134,134,1,135,,,,,,
,Alkan,2026-09-30_12h02.29.456,Influenca_demo,2025.2.4,iPhone,52.63157895,,,,,,,,,,,,,,,,Smartphone,,,,,,,,,,,,,,,,,,,,,,,,,,,,,,,,,,,,,109.113,109.295,[0.43352601156069365],[-0.21579961464354533],[1],[0],[0],[0.18000000000000682],"[""rightSyringe"",""rightSyringe""]",,109.296,109.299,109.3,109.593,0.81,0.19,69,31,2,136,2201,left,0,gold,purple,0,135,135,135,1,136,,,,,,
,Alkan,2026-09-30_12h02.29.456,Influenca_demo,2025.2.4,iPhone,52.63157895,,,,,,,,,,,,,,,,Smartphone,,,,,,,,,,,,,,,,,,,,,,,,,,,,,,,,,,,,,109.597,109.794,[-0.4373795761078999],[-0.23025048169556844],[1],[0],[0],[0.19700000000000273],"[""leftSyringe"",""leftSyringe""]",,109.795,109.798,109.8,110.093,0.82,0.18,45,55,2,137,2246,left,1,gold,purple,0,136,136,136,1,137,,,,,,
,Alkan,2026-09-30_12h02.29.456,Influenca_demo,2025.2.4,iPhone,52.63157895,,,,,,,,,,,,,,,,Smartphone,,,,,,,,,,,,,,,,,,,,,,,,,,,,,,,,,,,,,110.096,110.427,[-0.43641618497109824],[-0.21676300578034682],[1],[0],[0],[0.3299999999999983],"[""leftSyringe"",""leftSyringe""]",,110.429,110.431,110.433,110.727,0.73,0.27,33,67,2,138,2279,left,1,gold,purple,0,137,137,137,1,138,,,,,,
,Alkan,2026-09-30_12h02.29.456,Influenca_demo,2025.2.4,iPhone,52.63157895,,,,,,,,,,,,,,,,Smartphone,,,,,,,,,,,,,,,,,,,,,,,,,,,,,,,,,,,,,110.73,110.945,[-0.4190751445086705],[-0.25818882466281307],[1],[0],[0],[0.21399999999999864],"[""leftSyringe"",""leftSyringe""]",,110.946,110.947,110.948,111.244,0.92,0.08,72,28,2,139,2351,left,1,gold,purple,0,138,138,138,1,139,,,,,,
,Alkan,2026-09-30_12h02.29.456,Influenca_demo,2025.2.4,iPhone,52.63157895,,,,,,,,,,,,,,,,Smartphone,,,,,,,,,,,,,,,,,,,,,,,,,,,,,,,,,,,,,111.246,111.445,[-0.4499036608863199],[-0.21098265895953758],[1],[0],[0],[0.1980000000000075],"[""leftSyringe"",""leftSyringe""]",,111.446,111.449,111.45,111.744,0.93,0.07,31,69,2,140,2382,left,1,gold,purple,0,139,139,139,1,140,,,,,,
,Alkan,2026-09-30_12h02.29.456,Influenca_demo,2025.2.4,iPhone,52.63157895,,,,,,,,,,,,,,,,Smartphone,,,,,,,,,,,,,,,,,,,,,,,,,,,,,,,,,,,,,111.747,111.911,[-0.405587668593449],[-0.23506743737957606],[1],[0],[0],[0.1629999999999967],"[""leftSyringe"",""leftSyringe""]",,111.913,111.914,111.915,112.21,0.86,0.14,94,6,2,141,2288,right,0,gold,purple,0,140,140,140,1,141,,,,,,
,Alkan,2026-09-30_12h02.29.456,Influenca_demo,2025.2.4,iPhone,52.63157895,,,,,,,,,,,,,,,,Smartphone,,,,,,,,,,,,,,,,,,,,,,,,,,,,,,,,,,,,,112.213,112.728,[0.47109826589595377],[-0.18978805394990372],[1],[0],[0],[0.51400000000001],"[""rightSyringe"",""rightSyringe""]",,112.73,112.732,112.733,113.028,0.63,0.37,15,85,2,142,2203,left,0,gold,purple,0,141,141,141,1,142,,,,,,
,Alkan,2026-09-30_12h02.29.456,Influenca_demo,2025.2.4,iPhone,52.63157895,,,,,,,,,,,,,,,,Smartphone,,,,,,,,,,,,,,,,,,,,,,,,,,,,,,,,,,,,,113.031,113.529,[0.42485549132947975],[-0.24277456647398843],[1],[0],[0],[0.4960000000000093],"[""rightSyringe"",""rightSyringe""]",,113.53,113.533,113.534,113.827,0.54,0.46,5,95,2,143,2298,right,1,gold,purple,0,142,142,142,1,143,,,,,,
,Alkan,2026-09-30_12h02.29.456,Influenca_demo,2025.2.4,iPhone,52.63157895,,,,,,,,,,,,,,,,Smartphone,,,,,,,,,,,,,,,,,,,,,,,,,,,,,,,,,,,,,113.83,114.478,[0.4190751445086705],[-0.2552986512524084],[1],[0],[0],[0.6469999999999914],"[""rightSyringe"",""rightSyringe""]",,114.48,114.482,114.483,114.777,0.42,0.58,80,20,2,144,2278,left,0,gold,purple,0,143,143,143,1,144,,,,,,
,Alkan,2026-09-30_12h02.29.456,Influenca_demo,2025.2.4,iPhone,52.63157895,,,,,,,,,,,,,,,,Smartphone,,,,,,,,,,,,,,,,,,,,,,,,,,,,,,,,,,,,,114.78,115.028,[0.4296724470134874],[-0.25818882466281307],[1],[0],[0],[0.2470000000000141],"[""rightSyringe"",""rightSyringe""]",,115.029,115.032,115.033,115.328,0.46,0.54,55,45,2,145,2233,left,0,gold,purple,0,144,144,144,1,145,,,,,,
,Alkan,2026-09-30_12h02.29.456,Influenca_demo,2025.2.4,iPhone,52.63157895,,,,,,,,,,,,,,,,Smartphone,,,,,,,,,,,,,,,,,,,,,,,,,,,,,,,,,,,,,115.331,115.878,[0.41040462427745666],[-0.27938342967244706],[1],[0],[0],[0.5459999999999923],"[""rightSyringe"",""rightSyringe""]",,115.879,115.881,115.882,116.178,0.57,0.43,54,46,2,146,2187,left,0,gold,purple,0,145,145,145,1,146,,,,,,
,Alkan,2026-09-30_12h02.29.456,Influenca_demo,2025.2.4,iPhone,52.63157895,,,,,,,,,,,,,,,,Smartphone,,,,,,,,,,,,,,,,,,,,,,,,,,,,,,,,,,,,,116.181,116.613,[0.3901734104046243],[-0.28131021194605005],[1],[0],[0],[0.43200000000001637],"[""rightSyringe"",""rightSyringe""]",,116.614,116.616,116.617,116.911,0.5,0.5,48,52,2,147,2135,left,0,gold,purple,0,146,146,146,1,147,,,,,,
,Alkan,2026-09-30_12h02.29.456,Influenca_demo,2025.2.4,iPhone,52.63157895,,,,,,,,,,,,,,,,Smartphone,,,,,,,,,,,,,,,,,,,,,,,,,,,,,,,,,,,,,116.914,118.329,[-0.45279383429672454],[-0.23603082851637772],[1],[0],[0],[1.413000000000011],"[""leftSyringe"",""leftSyringe""]",,118.33,118.332,118.333,118.628,0.43,0.57,93,7,2,148,2042,right,0,gold,purple,0,147,147,147,1,148,,,,,,
,Alkan,2026-09-30_12h02.29.456,Influenca_demo,2025.2.4,iPhone,52.63157895,,,,,,,,,,,,,,,,Smartphone,,,,,,,,,,,,,,,,,,,,,,,,,,,,,,,,,,,,,118.631,119.123,[0.42870905587668573],[-0.2822736030828517],[1],[0],[0],[0.4900000000000091],"[""rightSyringe"",""rightSyringe""]",,119.123,119.125,119.126,119.428,0.33,0.67,57,43,2,149,1999,left,0,gold,purple,0,148,148,148,1,149,,,,,,
,Alkan,2026-09-30_12h02.29.456,Influenca_demo,2025.2.4,iPhone,52.63157895,,,,,,,,,,,,,,,,Smartphone,,,,,,,,,,,,,,,,,,,,,,,,,,,,,,,,,,,,,119.432,119.697,[0.43834296724470123],[-0.27167630057803466],[1],[0],[0],[0.26400000000001],"[""rightSyringe"",""rightSyringe""]",,119.699,119.701,119.702,119.995,0.45,0.55,89,11,2,150,1988,left,0,gold,purple,0,149,149,149,1,150,,,,,,
,Alkan,2026-09-30_12h02.29.456,Influenca_demo,2025.2.4,iPhone,52.63157895,,,,,,,,,,,,,,,,Smartphone,,,,,,,,,,,,,,,,,,,,,,,,,,,,,,,,,,,,,,,,,,,,,,,,,,,,,,,,,,,,,,,,,,,,119.998,120.995,120.996,126.232,126.233,126.233
